Matrix:
 | -3 -3 -4  3  5  5  3  4 -1  5 |
 | -1  3  0 -4 -1  2  0  1  5  0 |
 |  2  0 -4  3 -5  0 -1 -3  5 -3 |
 |  0  2  1 -4 -1 -4  3 -5  3 -4 |
 | -4  3  0 -4 -3  1 -5 -3 -2  2 |
 |  3 -2 -4 -4  4 -5  0  5  2 -3 |
 | -3 -2 -4 -2  0  3  0  1 -3  5 |
 |  1  2  1  3  0  5  2 -2 -1  3 |
 | -1  5 -3 -5  3 -4  1 -4 -4  0 |
 |  1  4 -2  3  0 -1  2 -1  1  4 |
 | -5 -2  0  3 -5  4 -2 -1  1  5 |
 | -5  2  0 -4 -4 -4  5 -1  2  3 |
 | -5  2  5  0  5 -2  0  0  3  2 |
 |  0  0  4  2  3  4  4  2  1 -4 |
 | -2 -4 -5  0  5 -4  1  1 -1  3 |
 |  0  3 -5  3 -3  1  4  4  5 -2 |
 | -3  4  5 -3  1 -4 -2 -5 -5 -1 |
 | -1 -1 -1  5  0  4  0 -3  4 -1 |
 |  5 -5 -4 -3 -1 -4  0  2 -1  4 |
 |  0 -4 -4  5 -1 -4  0 -1  4 -1 |
 | -4  0  2 -4 -2  1 -4 -2  2  5 |
 | -2  0  4 -3 -2  0  3  0  4 -5 |
 | -4  2  5 -2  5  2  5  2  2 -3 |
 | -3  3  2 -4  1  1  1  2  5  5 |
 |  4  2 -1  1  5  1 -1  3 -1 -1 |
Vector:
 [    1    4   -2    4    2   -5   -2    4    5    3 ]
Parallel result:
 [   10   12   18  -15  -25   41  -22  -14   -7   47  -11    4   34  -21   28   50  -31    2   14   43   -8  -27  -15   32   29 ]
Serial result:
 [   10   12   18  -15  -25   41  -22  -14   -7   47  -11    4   34  -21   28   50  -31    2   14   43   -8  -27  -15   32   29 ]
Result match!
Parallel time: 0.075616 ms
Serial time: 0.001000 ms
